Identified spam users are as follows: 
103323813
103323813
103323813
103323813
103323813
103323813
103323813
103323813
103323813
103323813
103323813
103323813
103323813
56377143
22536055
103323813
103323813
103323813
103323813
271986064
103323813
103323813
103323813
103323813
103323813
103323813
103323813
103323813
103323813
103323813
103323813
103323813
103323813
85741735
103323813
103323813
103323813
103323813
103323813
103323813
103323813
85741735
103323813
103323813
35737385
103323813
271986064
103323813
103323813
103323813
17872077
103323813
17872077
85741735
85741735
103323813
7117212
61180382
5950272
271986064
271986064
85741735
